image_width: 752
image_height: 480
camera_name: mv_25000855
camera_matrix:
  rows: 3
  cols: 3
  data: [640.6366246901802, 0, 366.7519659147987, 0, 641.8722886274891, 215.008650779104, 0, 0, 1]
distortion_model: plumb_bob
distortion_coefficients:
  rows: 1
  cols: 5
  data: [-0.4164229379529128, 0.1818208433650456, 2.855106152877923e-05, 0.0005003404790232988, 0]
rectification_matrix:
  rows: 3
  cols: 3
  data: [0.998498037994987, -0.05447187199940429, -0.005872246677548649, 0.05442028191026642, 0.9984809636907696, -0.00861382980788992, 0.006332537956348706, 0.008281322843162001, 0.9999456578509649]
projection_matrix:
  rows: 3
  cols: 4
  data: [429.1342933464488, 0, 376.142692565918, 0, 0, 429.1342933464488, 237.5289173126221, 0, 0, 0, 1, 0]