image_width: 752
image_height: 480
camera_name: mv_25001110
camera_matrix:
  rows: 3
  cols: 3
  data: [641.0122965243293, 0, 378.2078981885004, 0, 642.6343801214364, 252.7308726271739, 0, 0, 1]
distortion_model: plumb_bob
distortion_coefficients:
  rows: 1
  cols: 5
  data: [-0.421150856325252, 0.1838965722951882, 0.003053846399244216, -6.92532004465383e-05, 0]
rectification_matrix:
  rows: 3
  cols: 3
  data: [0.9967081049937878, 0.006013201894684371, -0.08085044738692534, -0.006729280916079562, 0.9999404859956971, -0.008587272270157547, 0.08079399865116657, 0.009103069244111767, 0.9966892514280928]
projection_matrix:
  rows: 3
  cols: 4
  data: [681.0734290461593, 0, 434.8945693969727, -106.573529260581, 0, 681.0734290461593, 235.8871955871582, 0, 0, 0, 1, 0]