image_width: 752
image_height: 480
camera_name: mv_stereo/right
camera_matrix:
  rows: 3
  cols: 3
  data: [621.493973, 0, 381.828276, 0, 622.985807, 251.587857, 0, 0, 1]
distortion_model: plumb_bob
distortion_coefficients:
  rows: 1
  cols: 5
  data: [-0.43158, 0.182645, 0.000124, -0.001131, 0]
rectification_matrix:
  rows: 3
  cols: 3
  data: [0.999618, 0.027611, -0.001035, -0.027611, 0.9996189999999999, 0.000225, 0.001041, -0.000196, 0.999999]
projection_matrix:
  rows: 3
  cols: 4
  data: [618.662324, 0, 368.624184, -121.063965, 0, 618.662324, 238.587412, 0, 0, 0, 1, 0]
