image_width: 1280
image_height: 960
camera_name: mv_30000334
camera_matrix:
  rows: 3
  cols: 3
  data: [2132.900768426596, 0, 614.4259927556245, 0, 2130.078557110534, 445.7869063647489, 0, 0, 1]
distortion_model: plumb_bob
distortion_coefficients:
  rows: 1
  cols: 5
  data: [-0.4944394164125412, 0.04494135306860288, 0.0059716103656967, 0.003137611688995316, 0]
rectification_matrix:
  rows: 3
  cols: 3
  data: [1, 0, 0, 0, 1, 0, 0, 0, 1]
projection_matrix:
  rows: 3
  cols: 4
  data: [2027.4951171875, 0, 613.2827901448763, 0, 0, 2072.225341796875, 445.5359593881985, 0, 0, 0, 1, 0]