image_width: 752
image_height: 480
camera_name: mv_25000855
camera_matrix:
  rows: 3
  cols: 3
  data: [643.0674782348942, 0, 373.1848445046193, 0, 644.2516819456051, 213.2797551076586, 0, 0, 1]
distortion_model: plumb_bob
distortion_coefficients:
  rows: 1
  cols: 5
  data: [-0.4211579510612103, 0.191520531834238, 0.0004088022278126244, -0.001137720089342973, 0]
rectification_matrix:
  rows: 3
  cols: 3
  data: [0.9998864359186812, 0.01498942045187741, 0.001559660332928289, -0.01498172503025332, 0.9998760826263959, -0.004833974225240633, -0.001631925536031751, 0.00481005885715008, 0.9999870999932127]
projection_matrix:
  rows: 3
  cols: 4
  data: [665.9914374984763, 0, 376.1179428100586, 0, 0, 665.9914374984763, 235.3843421936035, 0, 0, 0, 1, 0]