image_width: 1280
image_height: 960
camera_name: mv_29900189
camera_matrix:
  rows: 3
  cols: 3
  data: [1032.431645225939, 0, 612.4953820911646, 0, 1033.855728775678, 460.7205356790504, 0, 0, 1]
distortion_model: plumb_bob
distortion_coefficients:
  rows: 1
  cols: 5
  data: [-0.3986780825432624, 0.1481410720471149, -0.0006756644256272849, 7.533701057509163e-06, 0]
rectification_matrix:
  rows: 3
  cols: 3
  data: [1, 0, 0, 0, 1, 0, 0, 0, 1]
projection_matrix:
  rows: 3
  cols: 4
  data: [761.4650268554688, 0, 607.9024695254448, 0, 0, 760.7034912109375, 457.3704295277639, 0, 0, 0, 1, 0]