image_width: 376
image_height: 240
camera_name: mv_25001185
camera_matrix:
  rows: 3
  cols: 3
  data: [310.8864450288494, 0, 166.8198174484452, 0, 310.889567019961, 126.6457465475674, 0, 0, 1]
distortion_model: plumb_bob
distortion_coefficients:
  rows: 1
  cols: 5
  data: [-0.4162324712029666, 0.1613941343442691, 0.0002807823587159546, -0.002651814527577841, 0]
rectification_matrix:
  rows: 3
  cols: 3
  data: [1, 0, 0, 0, 1, 0, 0, 0, 1]
projection_matrix:
  rows: 3
  cols: 4
  data: [233.1439666748047, 0, 158.7010990716162, 0, 0, 226.2335052490234, 126.5904652641593, 0, 0, 0, 1, 0]