image_width: 752
image_height: 480
camera_name: mv_25001110
camera_matrix:
  rows: 3
  cols: 3
  data: [639.1239804614854, 0, 378.1386380555339, 0, 641.253451075824, 261.673862692945, 0, 0, 1]
distortion_model: plumb_bob
distortion_coefficients:
  rows: 1
  cols: 5
  data: [-0.4263793981156164, 0.2017593238675768, 0.0003727680007468205, 0.00205493085926307, 0]
rectification_matrix:
  rows: 3
  cols: 3
  data: [0.9973504753016714, -0.04816675381017966, 0.05451599070841098, 0.04784802023651169, 0.9988291256623754, 0.007137554762031782, -0.05479595217692977, -0.004510161407774582, 0.9984873870355596]
projection_matrix:
  rows: 3
  cols: 4
  data: [400.2429879428608, 0, 323.5153732299805, -7.245306719617889, 0, 400.2429879428608, 237.4088802337646, 0, 0, 0, 1, 0]