image_width: 752
image_height: 480
camera_name: mv_25001185
camera_matrix:
  rows: 3
  cols: 3
  data: [619.7340655818864, 0, 337.9506981198811, 0, 621.1607998109334, 250.2865904584134, 0, 0, 1]
distortion_model: plumb_bob
distortion_coefficients:
  rows: 1
  cols: 5
  data: [-0.4288563077309585, 0.1763882877268529, 0.001477636857019854, -0.0004569645333828474, 0]
rectification_matrix:
  rows: 3
  cols: 3
  data: [1, 0, 0, 0, 1, 0, 0, 0, 1]
projection_matrix:
  rows: 3
  cols: 4
  data: [502.4492797851562, 0, 320.174276558042, 0, 0, 575.70068359375, 251.9432540373964, 0, 0, 0, 1, 0]