image_width: 752
image_height: 480
camera_name: mv_25000855
camera_matrix:
  rows: 3
  cols: 3
  data: [641.6556748384487, 0, 362.1729207222643, 0, 643.0857516355977, 221.8185215758621, 0, 0, 1]
distortion_model: plumb_bob
distortion_coefficients:
  rows: 1
  cols: 5
  data: [-0.4144186525062555, 0.2052264808491008, -0.003604077962517086, 0.0003634350522317019, 0]
rectification_matrix:
  rows: 3
  cols: 3
  data: [0.9993376856921439, 0.002194770717045662, 0.03632317355311031, -0.002238932742407913, 0.9999968030642735, 0.001175177181342383, -0.03632047818579413, -0.001255723987257154, 0.9993394048178141]
projection_matrix:
  rows: 3
  cols: 4
  data: [447.6920065244731, 0, 334.1318778991699, 0, 0, 447.6920065244731, 237.2468204498291, 0, 0, 0, 1, 0]