image_width: 752
image_height: 480
camera_name: mv_25000855
camera_matrix:
  rows: 3
  cols: 3
  data: [636.5962592785497, 0, 361.668667735927, 0, 638.0285125807836, 199.394929195144, 0, 0, 1]
distortion_model: plumb_bob
distortion_coefficients:
  rows: 1
  cols: 5
  data: [-0.4325772804590947, 0.2074531553435359, 0.002861120216252754, -0.002607025907839301, 0]
rectification_matrix:
  rows: 3
  cols: 3
  data: [0.9999395175507543, 0.004772227568929947, 0.00990893962010646, -0.004716413397807254, 0.9999729248208016, -0.005648457310856982, -0.009935627057491424, 0.005601381022742018, 0.9999349518071725]
projection_matrix:
  rows: 3
  cols: 4
  data: [678.2229598611023, 0, 364.1473388671875, 0, 0, 678.2229598611023, 226.8696727752686, 0, 0, 0, 1, 0]