image_width: 1280
image_height: 960
camera_name: mv_30000336
camera_matrix:
  rows: 3
  cols: 3
  data: [1147.581935374815, 0, 694.9576391913339, 0, 1146.271471099351, 427.2985664251163, 0, 0, 1]
distortion_model: plumb_bob
distortion_coefficients:
  rows: 1
  cols: 5
  data: [-0.4617959228522756, 0.2183120010537605, 0.004180853967673095, -0.002003665997256149, 0]
rectification_matrix:
  rows: 3
  cols: 3
  data: [1, 0, 0, 0, 1, 0, 0, 0, 1]
projection_matrix:
  rows: 3
  cols: 4
  data: [880.2793579101562, 0, 697.0753133042017, 0, 0, 875.3109741210938, 432.0744275549259, 0, 0, 0, 1, 0]