image_width: 1280
image_height: 960
camera_name: mv_30000334
camera_matrix:
  rows: 3
  cols: 3
  data: [2132.627270240971, 0, 654.2540093216659, 0, 2137.738592424152, 463.5966456118081, 0, 0, 1]
distortion_model: plumb_bob
distortion_coefficients:
  rows: 1
  cols: 5
  data: [-0.5265665653324848, 0.3801789416398655, -0.0004986098095470624, 0.0007799759660219883, 0]
rectification_matrix:
  rows: 3
  cols: 3
  data: [1, 0, 0, 0, 1, 0, 0, 0, 1]
projection_matrix:
  rows: 3
  cols: 4
  data: [1963.107055664062, 0, 655.9953056930099, 0, 0, 1965.92138671875, 461.788162208446, 0, 0, 0, 1, 0]