image_width: 752
image_height: 480
camera_name: mv_25001110
camera_matrix:
  rows: 3
  cols: 3
  data: [639.3215627239058, 0, 384.2849916629655, 0, 641.015467077801, 256.1183404589175, 0, 0, 1]
distortion_model: plumb_bob
distortion_coefficients:
  rows: 1
  cols: 5
  data: [-0.4125280422523865, 0.1749307730310215, 0.00168169188153397, 0.0008375498172016934, 0]
rectification_matrix:
  rows: 3
  cols: 3
  data: [0.999697233499401, 0.02353998987671144, 0.007163114563423796, -0.02357426039645817, 0.999710860654068, 0.004738073138151291, -0.007049509231456855, -0.004905503736295505, 0.9999631195462605]
projection_matrix:
  rows: 3
  cols: 4
  data: [665.9914374984763, 0, 376.1179428100586, -110.4922674250647, 0, 665.9914374984763, 235.3843421936035, 0, 0, 0, 1, 0]