image_width: 752
image_height: 480
camera_name: mv_25001185
camera_matrix:
  rows: 3
  cols: 3
  data: [639.2659141108186, 0, 332.3117286744719, 0, 638.3016508417255, 234.8542980702399, 0, 0, 1]
distortion_model: plumb_bob
distortion_coefficients:
  rows: 1
  cols: 5
  data: [-0.4134523036298948, 0.1521196827391608, 0.003850805085328677, -0.0007146090982305142, 0]
rectification_matrix:
  rows: 3
  cols: 3
  data: [1, 0, 0, 0, 1, 0, 0, 0, 1]
projection_matrix:
  rows: 3
  cols: 4
  data: [481.6990966796875, 0, 314.8020838503799, 0, 0, 465.2483825683594, 238.4969163071164, 0, 0, 0, 1, 0]