image_width: 1280
image_height: 960
camera_name: mv_29900189
camera_matrix:
  rows: 3
  cols: 3
  data: [1032.871796074787, 0, 612.6760207746793, 0, 1036.0312258652, 459.9404563906814, 0, 0, 1]
distortion_model: plumb_bob
distortion_coefficients:
  rows: 1
  cols: 5
  data: [-0.3983248635669846, 0.1533070219524849, -0.00268568907871905, 7.995524834601819e-05, 0]
rectification_matrix:
  rows: 3
  cols: 3
  data: [1, 0, 0, 0, 1, 0, 0, 0, 1]
projection_matrix:
  rows: 3
  cols: 4
  data: [849.1005859375, 0, 600.3742539160885, 0, 0, 936.3165893554688, 452.2910664805167, 0, 0, 0, 1, 0]