camera_matrix:
  cols: 3
  data: [636.736715, 0.000000, 377.185864, 0.000000, 637.470118, 219.463258, 0.000000, 0.000000,
      1.000000]
  rows: 3
camera_name: bluefox2
distortion_coefficients:
  cols: 5
  data: [-0.425818, 0.173503, 0.001086, 0.000547, 0.000000]
  rows: 1
distortion_model: plumb_bob
image_height: 480
image_width: 752
projection_matrix:
  cols: 4
  data: [526.750427, 0.000000, 377.956446, 0.000000, 0.000000, 594.260437, 216.404323, 0.000000,
      0.000000, 0.000000, 1.000000, 0.000000]
  rows: 3
rectification_matrix:
  cols: 3
  data: [1, 0, 0, 0, 1, 0, 0, 0, 1]
  rows: 3
