image_width: 752
image_height: 480
camera_name: mv_25000855
camera_matrix:
  rows: 3
  cols: 3
  data: [643.1719645738965, 0, 374.1991490037931, 0, 644.3503923113894, 212.5609354805129, 0, 0, 1]
distortion_model: plumb_bob
distortion_coefficients:
  rows: 1
  cols: 5
  data: [-0.4248838362770007, 0.2025668702200661, 0.001805707287671617, -0.000827378298214006, 0]
rectification_matrix:
  rows: 3
  cols: 3
  data: [0.999797631730299, -0.004508864807054072, -0.01960524737505204, 0.004556803583002376, 0.9999867347633116, 0.002401216049464998, 0.01959416054826571, -0.002490067381012174, 0.9998049151893819]
projection_matrix:
  rows: 3
  cols: 4
  data: [679.8894788801571, 0, 394.2374153137207, 0, 0, 679.8894788801571, 234.321704864502, 0, 0, 0, 1, 0]