image_width: 752
image_height: 480
camera_name: mv_25001185
camera_matrix:
  rows: 3
  cols: 3
  data: [627.1594817314167, 0, 356.3470175120941, 0, 623.7351797633572, 218.0042355283099, 0, 0, 1]
distortion_model: plumb_bob
distortion_coefficients:
  rows: 1
  cols: 5
  data: [-0.4103587097569251, 0.1579783214370774, 0.006026452942404382, -0.004144784159451167, 0]
rectification_matrix:
  rows: 3
  cols: 3
  data: [1, 0, 0, 0, 1, 0, 0, 0, 1]
projection_matrix:
  rows: 3
  cols: 4
  data: [516.23828125, 0, 341.4170242678374, 0, 0, 581.447509765625, 216.4967339719442, 0, 0, 0, 1, 0]