image_width: 1280
image_height: 960
camera_name: mv_29900189
camera_matrix:
  rows: 3
  cols: 3
  data: [1021.594121644306, 0, 621.7850289042044, 0, 1023.798371682871, 462.7023120487725, 0, 0, 1]
distortion_model: plumb_bob
distortion_coefficients:
  rows: 1
  cols: 5
  data: [-0.3983118005269077, 0.1537927287156116, -0.001256687999889547, -0.001791315000054484, 0]
rectification_matrix:
  rows: 3
  cols: 3
  data: [1, 0, 0, 0, 1, 0, 0, 0, 1]
projection_matrix:
  rows: 3
  cols: 4
  data: [835.9629516601562, 0, 608.578674569515, 0, 0, 923.4881591796875, 456.9525659665851, 0, 0, 0, 1, 0]