image_width: 1280
image_height: 960
camera_name: mv_29900130
camera_matrix:
  rows: 3
  cols: 3
  data: [1022.398245966984, 0, 666.7238562170643, 0, 1021.990884528046, 481.6944901928075, 0, 0, 1]
distortion_model: plumb_bob
distortion_coefficients:
  rows: 1
  cols: 5
  data: [-0.4130953073111475, 0.1460595200528471, -0.0025162950641433, 0.0004537862385626572, 0]
rectification_matrix:
  rows: 3
  cols: 3
  data: [1, 0, 0, 0, 1, 0, 0, 0, 1]
projection_matrix:
  rows: 3
  cols: 4
  data: [726.751220703125, 0, 672.2568868302333, 0, 0, 724.3591918945312, 475.1973880038895, 0, 0, 0, 1, 0]