image_width: 752
image_height: 480
camera_name: mv_25001110
camera_matrix:
  rows: 3
  cols: 3
  data: [622.5508865580994, 0, 378.6175331756123, 0, 623.8857865228217, 252.5381507527025, 0, 0, 1]
distortion_model: plumb_bob
distortion_coefficients:
  rows: 1
  cols: 5
  data: [-0.4387010429681224, 0.1888734960810639, -0.0002471505513189119, -0.0002982355866327954, 0]
rectification_matrix:
  rows: 3
  cols: 3
  data: [0.9999092775893256, 0.01346345258668215, 0.000414771309296352, -0.0134629395845193, 0.9999086314367193, -0.001215745076324652, -0.00043110153843032, 0.001210050739922117, 0.9999991749639948]
projection_matrix:
  rows: 3
  cols: 4
  data: [630.7881590126278, 0, 367.9365501403809, -95.39565383908069, 0, 630.7881590126278, 238.4347496032715, 0, 0, 0, 1, 0]