image_width: 752
image_height: 480
camera_name: mv_25001110
camera_matrix:
  rows: 3
  cols: 3
  data: [624.6753731918657, 0, 369.0263223767451, 0, 628.1317196244411, 258.5587736896371, 0, 0, 1]
distortion_model: plumb_bob
distortion_coefficients:
  rows: 1
  cols: 5
  data: [-0.3883016201229829, 0.1735030040896922, -0.004350329700129947, 0.004929991271620038, 0]
rectification_matrix:
  rows: 3
  cols: 3
  data: [0.9987464372310761, 0.005601455784917316, 0.04974110786182401, -0.005540964812772415, 0.9999837321638929, -0.001353926333134915, -0.04974788264012461, 0.001076615373081131, 0.9987612272571271]
projection_matrix:
  rows: 3
  cols: 4
  data: [447.6920065244731, 0, 334.1318778991699, -67.17435567001762, 0, 447.6920065244731, 237.2468204498291, 0, 0, 0, 1, 0]