image_width: 1280
image_height: 960
camera_name: mv_30000337
camera_matrix:
  rows: 3
  cols: 3
  data: [2149.07120374341, 0, 614.9823467952567, 0, 2146.841591022131, 434.7306307686129, 0, 0, 1]
distortion_model: plumb_bob
distortion_coefficients:
  rows: 1
  cols: 5
  data: [-0.5174313842255089, 0.2927716130222848, 0.004233176107173128, 0.0008305263781295736, 0]
rectification_matrix:
  rows: 3
  cols: 3
  data: [1, 0, 0, 0, 1, 0, 0, 0, 1]
projection_matrix:
  rows: 3
  cols: 4
  data: [2044.275390625, 0, 612.475335589319, 0, 0, 2087.43212890625, 433.2895342991615, 0, 0, 0, 1, 0]