image_width: 1280
image_height: 960
camera_name: mv_29900130
camera_matrix:
  rows: 3
  cols: 3
  data: [1019.341078244828, 0, 671.3418793228849, 0, 1020.392093934788, 467.5675609893986, 0, 0, 1]
distortion_model: plumb_bob
distortion_coefficients:
  rows: 1
  cols: 5
  data: [-0.3976700340089616, 0.1460046802671847, 0.0018394079529522, 0.0002811793472963393, 0]
rectification_matrix:
  rows: 3
  cols: 3
  data: [1, 0, 0, 0, 1, 0, 0, 0, 1]
projection_matrix:
  rows: 3
  cols: 4
  data: [829.6177368164062, 0, 686.4109539844867, 0, 0, 919.7639770507812, 466.0325465410533, 0, 0, 0, 1, 0]