image_width: 752
image_height: 480
camera_name: mv_25001110
camera_matrix:
  rows: 3
  cols: 3
  data: [634.9368397910148, 0, 384.4827079255785, 0, 635.8377451309686, 254.8019913988094, 0, 0, 1]
distortion_model: plumb_bob
distortion_coefficients:
  rows: 1
  cols: 5
  data: [-0.4197867615807027, 0.1823237577366418, 0.0005079815093754948, 0.0009119642178895164, 0]
rectification_matrix:
  rows: 3
  cols: 3
  data: [0.9997673817296792, -0.001933020658495723, -0.02148129094155496, 0.002015908787515917, 0.9999906042905541, 0.003837634997340598, 0.02147367088185709, -0.003880046616501679, 0.999761884999179]
projection_matrix:
  rows: 3
  cols: 4
  data: [671.9024908043474, 0, 392.0435638427734, -90.57776002361335, 0, 671.9024908043474, 231.1944770812988, 0, 0, 0, 1, 0]