image_width: 752
image_height: 480
camera_name: bluefox2
camera_matrix:
  rows: 3
  cols: 3
  data: [629.495105905988, 0, 357.791166169743, 0, 630.673820432748, 224.246061782358, 0, 0, 1]
distortion_model: plumb_bob
distortion_coefficients:
  rows: 1
  cols: 5
  data: [-0.447618637556098, 0.213871696332553, -0.000152673651873309, -0.0010362027203077, 0]
rectification_matrix:
  rows: 3
  cols: 3
  data: [1, 0, 0, 0, 1, 0, 0, 0, 1]
projection_matrix:
  rows: 3
  cols: 4
  data: [517.086059570312, 0, 348.799074564391, 0, 0, 585.041015625, 221.278880939644, 0, 0, 0, 1, 0]
