image_width: 752
image_height: 480
camera_name: mv_25000855
camera_matrix:
  rows: 3
  cols: 3
  data: [641.7616480497402, 0, 371.5328519009413, 0, 643.692454448684, 222.3842049443321, 0, 0, 1]
distortion_model: plumb_bob
distortion_coefficients:
  rows: 1
  cols: 5
  data: [-0.4212244530169864, 0.2067906621476563, 0.0004736237899932914, 0.0004931756678859138, 0]
rectification_matrix:
  rows: 3
  cols: 3
  data: [0.9999498843416993, 6.995133833707657e-05, -0.01001118933156373, -0.0001338626201490693, 0.9999796165694724, -0.00638345724273341, 0.01001053873780411, 0.006384477455606209, 0.9999295112965704]
projection_matrix:
  rows: 3
  cols: 4
  data: [654.6974719899373, 0, 382.3694839477539, 0, 0, 654.6974719899373, 243.5666408538818, 0, 0, 0, 1, 0]