image_width: 752
image_height: 480
camera_name: mv_25001185
camera_matrix:
  rows: 3
  cols: 3
  data: [625.3026423819513, 0, 332.4320831414211, 0, 626.4298319164859, 251.7497035922683, 0, 0, 1]
distortion_model: plumb_bob
distortion_coefficients:
  rows: 1
  cols: 5
  data: [-0.4211314700737098, 0.165767525227002, -0.0002367014504569145, 0.0005143863010469724, 0]
rectification_matrix:
  rows: 3
  cols: 3
  data: [1, 0, 0, 0, 1, 0, 0, 0, 1]
projection_matrix:
  rows: 3
  cols: 4
  data: [509.2392578125, 0, 313.6682521076291, 0, 0, 581.9882202148438, 252.9232322059579, 0, 0, 0, 1, 0]