image_width: 752
image_height: 480
camera_name: mv_25000855
camera_matrix:
  rows: 3
  cols: 3
  data: [622.012255, 0, 360.051062, 0, 623.441966, 226.006077, 0, 0, 1]
distortion_model: plumb_bob
distortion_coefficients:
  rows: 1
  cols: 5
  data: [-0.430284, 0.180534, 0.000149, -0.001779, 0]
rectification_matrix:
  rows: 3
  cols: 3
  data: [0.999867, -0.016194, -0.002031, 0.016194, 0.999869, -0.000227, 0.002034, 0.000194, 0.9999979999999999]
projection_matrix:
  rows: 3
  cols: 4
  data: [618.662324, 0, 368.624184, 0, 0, 618.662324, 238.587412, 0, 0, 0, 1, 0]
