image_width: 752
image_height: 480
camera_name: mv_25000855
camera_matrix:
  rows: 3
  cols: 3
  data: [627.4681695803224, 0, 357.7370218423912, 0, 628.7561514318021, 224.2124952395085, 0, 0, 1]
distortion_model: plumb_bob
distortion_coefficients:
  rows: 1
  cols: 5
  data: [-0.4408042521017314, 0.1962309795709018, 0.0002351542933713031, -0.0007106099329361058, 0]
rectification_matrix:
  rows: 3
  cols: 3
  data: [0.9999808183862136, 0.002137123141996034, -0.005813395248436852, -0.002130070321248093, 0.9999969882655205, 0.001219122764555349, 0.005815983155507006, -0.001206716439128937, 0.9999823589320815]
projection_matrix:
  rows: 3
  cols: 4
  data: [630.7881590126278, 0, 367.9365501403809, 0, 0, 630.7881590126278, 238.4347496032715, 0, 0, 0, 1, 0]