image_width: 752
image_height: 480
camera_name: mv_25001110
camera_matrix:
  rows: 3
  cols: 3
  data: [633.7532824838795, 0, 385.8170056489482, 0, 635.8866710628064, 250.7469643546715, 0, 0, 1]
distortion_model: plumb_bob
distortion_coefficients:
  rows: 1
  cols: 5
  data: [-0.4194942229080215, 0.1789809933140094, 0.002382468936966079, -0.001084045185158305, 0]
rectification_matrix:
  rows: 3
  cols: 3
  data: [0.9999473021440777, -0.007229511859264626, 0.007288833449671905, 0.007188397222956845, 0.999958194135584, 0.005651276534275945, -0.007329384704413538, -0.00559858369399116, 0.9999574670857135]
projection_matrix:
  rows: 3
  cols: 4
  data: [678.2229598611023, 0, 364.1473388671875, -87.84457638107473, 0, 678.2229598611023, 226.8696727752686, 0, 0, 0, 1, 0]