image_width: 752
image_height: 480
camera_name: mv_25001185
camera_matrix:
  rows: 3
  cols: 3
  data: [619.2808945920812, 0, 318.6142459694449, 0, 625.4263952758325, 271.943059552697, 0, 0, 1]
distortion_model: plumb_bob
distortion_coefficients:
  rows: 1
  cols: 5
  data: [-0.4069009048560235, 0.1556402012196904, 0.01012341280613438, 0.006441550485653936, 0]
rectification_matrix:
  rows: 3
  cols: 3
  data: [1, 0, 0, 0, 1, 0, 0, 0, 1]
projection_matrix:
  rows: 3
  cols: 4
  data: [459.2872924804688, 0, 318.2980653918057, 0, 0, 465.7164916992188, 283.8903117560621, 0, 0, 0, 1, 0]