image_width: 752
image_height: 480
camera_name: mv_25000855
camera_matrix:
  rows: 3
  cols: 3
  data: [638.1653488953381, 0, 366.8942242426911, 0, 639.0586706351291, 206.9306946374957, 0, 0, 1]
distortion_model: plumb_bob
distortion_coefficients:
  rows: 1
  cols: 5
  data: [-0.4194315873177875, 0.1941512352941581, 0.001022936883619016, 0.0003879410494387812, 0]
rectification_matrix:
  rows: 3
  cols: 3
  data: [0.9997947240750813, 0.01101846337479469, -0.01700303433185051, -0.01108400050676036, 0.9999314824207072, -0.003765022801130619, 0.0169603845592579, 0.003952711573743454, 0.9998483492144281]
projection_matrix:
  rows: 3
  cols: 4
  data: [671.9024908043474, 0, 392.0435638427734, 0, 0, 671.9024908043474, 231.1944770812988, 0, 0, 0, 1, 0]