image_width: 752
image_height: 480
camera_name: mv_25001185
camera_matrix:
  rows: 3
  cols: 3
  data: [623.1065234415961, 0, 333.9201772139909, 0, 623.9716705892052, 245.3314561529052, 0, 0, 1]
distortion_model: plumb_bob
distortion_coefficients:
  rows: 1
  cols: 5
  data: [-0.4194969514265645, 0.1634055998667526, 0.001924475350449355, 0.0005880407500286477, 0]
rectification_matrix:
  rows: 3
  cols: 3
  data: [1, 0, 0, 0, 1, 0, 0, 0, 1]
projection_matrix:
  rows: 3
  cols: 4
  data: [468.7219543457031, 0, 322.9509121755746, 0, 0, 459.1285705566406, 247.2930644456483, 0, 0, 0, 1, 0]