image_width: 752
image_height: 480
camera_name: mv_25001110
camera_matrix:
  rows: 3
  cols: 3
  data: [631.6658575702261, 0, 372.5644608657062, 0, 630.7901745606737, 244.3805577385508, 0, 0, 1]
distortion_model: plumb_bob
distortion_coefficients:
  rows: 1
  cols: 5
  data: [-0.4373168846022459, 0.1971472248600873, 0.002497125967346612, 0.00184944150609295, 0]
rectification_matrix:
  rows: 3
  cols: 3
  data: [1, 0, 0, 0, 1, 0, 0, 0, 1]
projection_matrix:
  rows: 3
  cols: 4
  data: [521.2835693359375, 0, 373.1986541343576, 0, 0, 586.9279174804688, 245.4443611600891, 0, 0, 0, 1, 0]