image_width: 752
image_height: 480
camera_name: mv_25001110
camera_matrix:
  rows: 3
  cols: 3
  data: [639.5504282280928, 0, 385.0074061435154, 0, 641.0371338634117, 251.3223562194902, 0, 0, 1]
distortion_model: plumb_bob
distortion_coefficients:
  rows: 1
  cols: 5
  data: [-0.4156128104042083, 0.1730707090734838, 0.003282345762951107, -0.001207776784361462, 0]
rectification_matrix:
  rows: 3
  cols: 3
  data: [0.9996788988167998, -0.01782547517296528, -0.01800976666390592, 0.01778137064887321, 0.9998385024921553, -0.002606106692311153, 0.01805331322161472, 0.002285031532018075, 0.9998344145470389]
projection_matrix:
  rows: 3
  cols: 4
  data: [679.8894788801571, 0, 394.2374153137207, -85.46509916855962, 0, 679.8894788801571, 234.321704864502, 0, 0, 0, 1, 0]