image_width: 752
image_height: 480
camera_name: mv_25001110
camera_matrix:
  rows: 3
  cols: 3
  data: [638.476212888144, 0, 380.3789445490529, 0, 639.9914576843868, 262.2094674268337, 0, 0, 1]
distortion_model: plumb_bob
distortion_coefficients:
  rows: 1
  cols: 5
  data: [-0.4133030074113001, 0.1796352121056556, 0.0007083867775105079, 0.001035387584633404, 0]
rectification_matrix:
  rows: 3
  cols: 3
  data: [0.9999716447487548, 0.007182750798037567, -0.002262253178503779, -0.007168161990402403, 0.9999538775476364, 0.006392200804584854, 0.002308062423269631, -0.006375803354878191, 0.9999770107254619]
projection_matrix:
  rows: 3
  cols: 4
  data: [654.6974719899373, 0, 382.3694839477539, -97.19899344836986, 0, 654.6974719899373, 243.5666408538818, 0, 0, 0, 1, 0]