image_width: 752
image_height: 480
camera_name: mv_25001110
camera_matrix:
  rows: 3
  cols: 3
  data: [636.51074224561, 0, 375.958032130082, 0, 638.1388523986749, 259.5571180747715, 0, 0, 1]
distortion_model: plumb_bob
distortion_coefficients:
  rows: 1
  cols: 5
  data: [-0.4153626262006658, 0.1797400464276908, 0.0009111838820676972, 0.002679881033699006, 0]
rectification_matrix:
  rows: 3
  cols: 3
  data: [0.9989944229270343, -0.04479568608856163, -0.001868011920914153, 0.04480987578138983, 0.9989601243712428, 0.008411001643527259, 0.001489292831529522, -0.008486249115248163, 0.9999628821025389]
projection_matrix:
  rows: 3
  cols: 4
  data: [429.1342933464488, 0, 376.142692565918, -6.682830147221329, 0, 429.1342933464488, 237.5289173126221, 0, 0, 0, 1, 0]