image_width: 1280
image_height: 960
camera_name: mv_30000313
camera_matrix:
  rows: 3
  cols: 3
  data: [2132.584110413588, 0, 690.6182028398961, 0, 2137.88661679967, 477.4425744538536, 0, 0, 1]
distortion_model: plumb_bob
distortion_coefficients:
  rows: 1
  cols: 5
  data: [-0.5169389865073414, 0.3571914921811967, 0.0009255065080128569, -0.004106665469701554, 0]
rectification_matrix:
  rows: 3
  cols: 3
  data: [1, 0, 0, 0, 1, 0, 0, 0, 1]
projection_matrix:
  rows: 3
  cols: 4
  data: [1969.737060546875, 0, 691.6992447555021, 0, 0, 1965.5546875, 477.4545248097274, 0, 0, 0, 1, 0]