image_width: 1280
image_height: 960
camera_name: mv_29900189
camera_matrix:
  rows: 3
  cols: 3
  data: [1031.365997669266, 0, 622.9950166139135, 0, 1033.332317722871, 456.8571297445968, 0, 0, 1]
distortion_model: plumb_bob
distortion_coefficients:
  rows: 1
  cols: 5
  data: [-0.4047361910539127, 0.155325075983291, 0.0008350272761506152, -0.001530406641960009, 0]
rectification_matrix:
  rows: 3
  cols: 3
  data: [1, 0, 0, 0, 1, 0, 0, 0, 1]
projection_matrix:
  rows: 3
  cols: 4
  data: [843.0855712890625, 0, 610.7897176193364, 0, 0, 932.2108764648438, 451.8665824411582, 0, 0, 0, 1, 0]