image_width: 1280
image_height: 960
camera_name: mv_29900130
camera_matrix:
  rows: 3
  cols: 3
  data: [1023.457367549181, 0, 664.7823750847714, 0, 1023.246043994846, 441.3075461496882, 0, 0, 1]
distortion_model: plumb_bob
distortion_coefficients:
  rows: 1
  cols: 5
  data: [-0.4131887249618098, 0.1576630197136293, 0.00305989940962989, -0.0002574205405700233, 0]
rectification_matrix:
  rows: 3
  cols: 3
  data: [1, 0, 0, 0, 1, 0, 0, 0, 1]
projection_matrix:
  rows: 3
  cols: 4
  data: [750.9080810546875, 0, 667.3349271797852, 0, 0, 749.1845092773438, 445.861080368195, 0, 0, 0, 1, 0]