image_width: 1280
image_height: 960
camera_name: mv_29900130
camera_matrix:
  rows: 3
  cols: 3
  data: [1029.824156190888, 0, 665.7078371713864, 0, 1030.632383844651, 469.1074461827392, 0, 0, 1]
distortion_model: plumb_bob
distortion_coefficients:
  rows: 1
  cols: 5
  data: [-0.4028934764507878, 0.1623210992422757, 0.0009172029059080027, 0.0006079530301999903, 0]
rectification_matrix:
  rows: 3
  cols: 3
  data: [1, 0, 0, 0, 1, 0, 0, 0, 1]
projection_matrix:
  rows: 3
  cols: 4
  data: [846.2284545898438, 0, 677.6395418854299, 0, 0, 930.9363403320312, 467.0625660898149, 0, 0, 0, 1, 0]