image_width: 752
image_height: 480
camera_name: mv_25000855
camera_matrix:
  rows: 3
  cols: 3
  data: [643.1114206431706, 0, 365.4061166630676, 0, 644.5402379995263, 217.8482764208285, 0, 0, 1]
distortion_model: plumb_bob
distortion_coefficients:
  rows: 1
  cols: 5
  data: [-0.4263978818412636, 0.2020326755934452, -0.0008408525004172854, 0.0007612644310676079, 0]
rectification_matrix:
  rows: 3
  cols: 3
  data: [0.9945345458218269, -0.07576297354271017, 0.07184016291002664, 0.07618092100446851, 0.9970892177734303, -0.003091775360472934, -0.07139680974583876, 0.008547727179507945, 0.99741136544466]
projection_matrix:
  rows: 3
  cols: 4
  data: [400.2429879428608, 0, 323.5153732299805, 0, 0, 400.2429879428608, 237.4088802337646, 0, 0, 0, 1, 0]