image_width: 1280
image_height: 960
camera_name: mv_29900189
camera_matrix:
  rows: 3
  cols: 3
  data: [984.7543335333812, 0, 671.4323128908668, 0, 985.9746903296282, 481.8456305783291, 0, 0, 1]
distortion_model: plumb_bob
distortion_coefficients:
  rows: 1
  cols: 5
  data: [-0.4035687194424287, 0.1383994765745605, 0.00237389217045906, 0.002602498709070423, 0]
rectification_matrix:
  rows: 3
  cols: 3
  data: [1, 0, 0, 0, 1, 0, 0, 0, 1]
projection_matrix:
  rows: 3
  cols: 4
  data: [694.2986450195312, 0, 682.6491283672876, 0, 0, 690.1033325195312, 487.0695414497604, 0, 0, 0, 1, 0]