image_width: 1280
image_height: 960
camera_name: mv_29900189
camera_matrix:
  rows: 3
  cols: 3
  data: [1000.381066431348, 0, 674.8456311725531, 0, 1001.194490636539, 488.0327798949479, 0, 0, 1]
distortion_model: plumb_bob
distortion_coefficients:
  rows: 1
  cols: 5
  data: [-0.41054474985578, 0.1382205614886705, 0.000618961210263307, 0.001930529872544439, 0]
rectification_matrix:
  rows: 3
  cols: 3
  data: [1, 0, 0, 0, 1, 0, 0, 0, 1]
projection_matrix:
  rows: 3
  cols: 4
  data: [698.886962890625, 0, 685.5799548574287, 0, 0, 691.7804565429688, 489.2188858021, 0, 0, 0, 1, 0]