image_width: 752
image_height: 480
camera_name: mv_25001185
camera_matrix:
  rows: 3
  cols: 3
  data: [618.0680166188016, 0, 330.9654749308046, 0, 619.4235945843641, 251.4862793156686, 0, 0, 1]
distortion_model: plumb_bob
distortion_coefficients:
  rows: 1
  cols: 5
  data: [-0.4127065906308999, 0.1594786696566005, -0.001096636135566986, 0.0001074884594710445, 0]
rectification_matrix:
  rows: 3
  cols: 3
  data: [1, 0, 0, 0, 1, 0, 0, 0, 1]
projection_matrix:
  rows: 3
  cols: 4
  data: [467.6546936035156, 0, 319.1508325019877, 0, 0, 456.0683898925781, 250.2684184073041, 0, 0, 0, 1, 0]