image_width: 752
image_height: 480
camera_name: mv_25000855
camera_matrix:
  rows: 3
  cols: 3
  data: [639.947612134089, 0, 366.4425642974676, 0, 641.4366519169405, 216.7640691800822, 0, 0, 1]
distortion_model: plumb_bob
distortion_coefficients:
  rows: 1
  cols: 5
  data: [-0.41851793031429, 0.1931706218121849, 0.000120865340161304, 0.00127476493163462, 0]
rectification_matrix:
  rows: 3
  cols: 3
  data: [0.9972023922895052, 0.001348440086427085, -0.07473667454082183, -0.0006863206065842563, 0.9999602979485094, 0.008884339635198394, 0.0747456873412265, -0.008808191418327357, 0.9971637267709981]
projection_matrix:
  rows: 3
  cols: 4
  data: [681.0734290461593, 0, 434.8945693969727, 0, 0, 681.0734290461593, 235.8871955871582, 0, 0, 0, 1, 0]